val grid = gridFromIntArray([
    [0, 0, 0,  0, 0, 0,  0, 6, 0],
    [0, 8, 6,  0, 0, 0,  3, 0, 0],
    [4, 5, 2,  0, 8, 0,  0, 0, 0],

    [0, 0, 0,  8, 0, 0,  9, 0, 0],
    [0, 2, 7,  3, 0, 9,  0, 5, 0],
    [1, 0, 8,  2, 0, 0,  0, 0, 0],

    [2, 0, 0,  5, 9, 0,  0, 0, 4],
    [0, 0, 0,  0, 0, 0,  6, 8, 0],
    [0, 0, 0,  7, 6, 4,  0, 0, 9]
]);

val grid = gridFromIntArray([
    [0, 1, 6,  0, 8, 0,  5, 3, 0],
    [0, 0, 4,  0, 0, 0,  0, 0, 0],
    [0, 0, 0,  9, 0, 0,  0, 8, 0],

    [4, 0, 0,  0, 1, 0,  0, 0, 0],
    [9, 0, 0,  0, 0, 0,  3, 0, 0],
    [0, 3, 1,  7, 0, 0,  0, 0, 6],

    [0, 0, 0,  0, 0, 2,  0, 0, 7],
    [3, 0, 0,  0, 0, 0,  0, 0, 0],
    [0, 5, 8,  0, 9, 0,  6, 0, 0]
]);


val grid = gridFromIntArray([

    [0, 2, 0, f,  0, e, 1, 0,  0, c, 4, 0,  8, 0, 6, 0],
    [6, 0, 7, 0,  0, 0, 0, 5,  e, 0, 0, 0,  0, d, 0, 4],
    [0, d, 0, e,  0, 0, 0, 7,  6, 0, 0, 0,  1, 0, 2, 0],
    [4, 0, c, 1,  0, g, 6, 0,  0, 7, 2, 0,  9, b, 0, e],

    [0, 0, 0, 0,  0, f, 0, 0,  0, 0, e, 0,  0, 0, 0, 0],
    [8, 0, 0, b,  7, c, 2, 0,  0, d, 6, 4,  3, 0, 0, a],
    [5, 0, 0, 7,  0, 3, b, 8,  1, f, 9, 0,  g, 0, 0, 2],
    [0, g, 4, 0,  0, 0, d, 0,  0, b, 0, 0,  0, 8, 1, 0],

    [0, 9, a, 0,  0, 0, 7, 0,  0, 2, 0, 0,  0, 3, 5, 0],
    [2, 0, 0, 5,  0, a, 8, c,  4, 9, 3, 0,  6, 0, 0, d],
    [1, 0, 0, g,  9, 2, 4, 0,  0, 6, 7, e,  a, 0, 0, 8],
    [0, 0, 0, 0,  0, 5, 0, 0,  0, 0, g, 0,  0, 0, 0, 0],

    [b, 0, g, 4,  0, d, a, 0,  0, 5, c, 0,  7, 9, 0, 1],
    [0, 5, 0, a,  0, 0, 0, g,  8, 0, 0, 0,  d, 0, e, 0],
    [c, 0, 6, 0,  0, 0, 0, 2,  a, 0, 0, 0,  0, g, 0, f],
    [0, e, 0, 2,  0, b, f, 0,  0, g, 1, 0,  5, 0, 3, 0]
    
]);

